P000 10733 153 2974 811 6161 152 6438 911 11292 221 7682 333 6314
P001 1350 109 802 721 6064 255 11748 760 11925 929 11486 779 2723
P002 8902 502 9780 106 7115 706 6381 197 8158 449 5809 78 2014 398 7290 687 6025 277 11994 87 12128
P003 296 235 6266 770 5528 945 11152 947 7983 320 11583 159 9871 492 1691 49 4448 105 8122
P004 6805 990 8854 748 7327 222 10302 7 11628 368 11203 953 2848
P005 9766 459 3166 474 11527 946 4663 202 4473 571 11232
P006 11566 840 6518 423 7518 928 3470 412 12325 471 10585 851 7712
P007 9506 378 8130 636 3071 951 6132 645 10258 761 11899 328 8261 562 9227
P008 3697 719 8438 121 11197 850 7585 796 5715 25 4603 980 5340
P009 5134 769 5539 314 11955 327 7373 22 6944 356 3530 942 10404
P010 589 653 5366 368 8897 343 801 803 10771 133 6753 39 4215
P011 3641 11 1792 229 2451 26 10998 664 3676 259 1400
P012 11940 156 4593 139 4639 615 2641 518 8000
P013 11114 227 2016 36 11832 164 7361 206 10752 205 2683 522 11304 653 4203
P014 9881 815 9037 244 7292 580 1866 377 10845
P015 12404 659 8760 933 9383 742 2713 354 9608 887 2082 719 3299 705 6160 97 4563 559 6732
P016 8176 773 10929 67 4469 528 2303 708 5033 19 10571
P017 4525 138 3528 486 4832 909 2146 474 11833 801 12290 579 8567
P018 12429 727 3433 551 9266 562 6131 186 4714 72 4566 397 3203
P019 8536 225 6973 266 5923 500 4785 836 1198 737 7878 637 12065 212 1751
P020 784 488 7389 488 7020 7 1090 878 9745 304 496 640 12032
P021 10787 374 12356 538 5453 555 1996 174 4215 735 10249 531 5332
P022 12554 244 3895 749 1249 877 9962 485 5109 991 1448 318 2006
P023 1810 623 6427 938 11570 914 1531 999 7300
P024 2191 805 8384 248 9468 70 4653 885 2701 710 7188 720 1948 831 2957 737 10419
P025 11646 115 3145 929 9351 581 908 534 7979
P026 11387 179 5331 785 1592 678 12883 937 2989 131 3800 293 7754
P027 10061 571 11543 159 9018 798 6520 400 4392
P028 994 761 8105 446 1778 810 887 462 3138
P029 5812 378 9212 324 8940 208 1738
P030 4586 513 2967 964 12442 614 2162 99 8129 756 3680 515 3443 680 859
P031 11025 979 9117 535 3383 617 2566 193 9667 488 7661 66 1026
P032 1450 574 2823 493 3374 589 5207 695 12574 201 10303 497 4692 814 9951 723 7274
P033 6229 578 8527 367 6698 34 11408 552 11683 497 3167
P034 11932 485 5175 21 12741 159 7914 60 8531 752 9233 510 8997
P035 4354 831 10528 394 4862 87 5326 599 965 553 10670 636 12261
P036 10694 996 10087 369 12271 332 2434 180 9394 246 11890 453 1857 283 5974
P037 6522 540 4403 486 11481 964 8849 466 10556 353 8393 862 4778 215 8363 6 5196 506 4736
P038 3150 793 1978 771 12875 661 10887 800 11278 274 7948 925 9181 879 5580 641 9061 129 1811
P039 4398 216 10824 390 1723 565 10747
P040 7018 970 12014 316 10652 705 2401 348 9623 773 3485 723 12290 853 3456 70 6762
P041 3211 899 9063 465 6520 755 12424 901 2328 31 2293 768 2487
P042 4516 693 10721 41 3111 612 5809 6 9520 460 9557 724 10816
P043 2899 911 10468 143 1088 837 11162 576 2112 7 3995
P044 4327 576 1938 987 7159 976 972 789 1978
P045 8541 682 7075 308 12589 247 11215 560 11466
P046 7192 167 12508 976 7960 34 735 761 5699 537 2179 14 6466 612 12911 809 4103 873 2997 243 7764
P047 1435 630 7492 555 11667 889 6300 264 7600 628 9730 460 5965 720 6296 715 1515 663 9148 642 7525
P048 2654 173 7723 655 12967 735 9629 289 3774 305 6513 60 12570 749 6223
P049 8822 922 10241 808 8327 258 4508 860 2405
P050 12565 241 3822 882 9717 247 6678 251 3630
P051 3733 950 5499 30 6609 233 8547 828 7010 152 880 799 11139 180 8479 962 5743 449 4808
P052 9984 146 3881 189 2960 16 3273 475 6605 378 10667
P053 4743 594 6729 406 2884 447 1754 348 4344 290 9869 711 10387 837 5485 609 8979 550 11799
P054 2964 26 848 236 3796 221 6951 999 9919
P055 11960 101 12479 144 9746 762 7364 44 9801 151 8219 476 3396 800 7372 997 7949 57 9486
P056 6578 809 809 754 12277 818 1084 643 6035
P057 4435 400 10307 816 1408 270 2478 351 1270 60 3484 118 3289 344 12214 130 5776 176 1685 137 2435
P058 8840 184 3019 42 8769 699 8989
P059 1827 181 11159 684 1058 762 12224 732 5631 68 3346 189 11953 320 9173 487 6647
P060 10173 123 9217 755 6063 591 2379 465 6466 614 8861 871 6441 627 2292 501 4477
P061 10089 816 8665 326 2324 930 5792 624 11535 539 6804
P062 1688 852 8468 734 9379 908 5697 741 4258 782 9478 519 11666
P063 5423 139 10735 431 5620 896 11198 489 6509
P064 3451 847 1479 550 5953 967 3866
P065 7924 966 7223 482 3912 875 9614 248 3971
P066 11329 710 8579 352 8023 488 6035 150 1597 848 10497
P067 6111 508 7343 718 11497 355 1817 989 3538
P068 12601 314 3315 112 1309 577 3231 169 12272 29 8472 649 7468 83 2655
P069 8053 830 10957 373 12069 679 3688 600 965
P070 11932 75 12122 762 9481 60 987 541 4618 32 621
P071 1936 141 10109 521 211 329 8244 750 10026
P072 3337 434 607 70 9917 443 1631
P073 2652 227 8502 510 11573 304 5135 61 12273 538 1478
P074 175 82 11316 603 2401 217 11041 370 5290 452 8086 5 2717
P075 8939 175 2968 552 7861 312 9803 122 5729
P076 1291 95 12547 443 1257 202 6160 705 6776 994 249 317 2121 174 10765 340 4982 944 436
P077 10959 487 2214 320 11795 316 10807 294 6665 475 9826
P078 8853 812 3034 796 4199 593 5836 543 2895 59 872
P079 4891 810 10237 971 9069 420 8944 701 10620 114 12646
P080 10810 135 10940 791 11309 965 11016 379 5591 746 10840
P081 5320 680 677 486 9593 884 7098 317 7505 377 4761
P082 886 566 6068 527 8419 798 6711 340 10592 822 9628 195 1943 824 5593 518 4267 446 3328 369 9337
P083 2096 111 237 389 2425 885 7600 680 7773 292 11240
P084 1914 10 5587 698 7623 991 5826
P085 780 626 5682 913 1923 914 7585 948 10906
P086 7397 732 3515 97 2027 625 4702 747 5367 789 4538 796 3025 349 6337
P087 9396 600 11469 581 5944 708 5262 712 2394 199 5715 155 10103 795 5152 782 11669 505 10404
P088 4133 233 11646 866 10479 479 9853 511 12168 29 11092 464 9696 496 1930
P089 10817 631 12568 308 3848 113 5661 2 3420 829 1252 758 8685 391 8374 840 5508 527 7107
P090 6845 321 362 523 10253 475 12955
P091 6157 321 12469 472 6777 2 7988 622 2737 657 10641 350 1658
P092 5143 4 9176 993 946 128 3511 221 10651
P093 4348 87 1165 454 7672 388 8639 202 6273 746 6831 798 12725
P094 2607 652 4306 550 6770 863 955 543 9467 748 442
P095 3096 828 10633 136 3840 319 3700 234 8895 635 5526 543 7471
P096 2598 827 5483 523 12876 424 11165 266 3581 446 10181 541 12291 755 8669 124 9480
P097 1010 574 3148 64 2774 756 9352 505 12226
P098 9048 519 3375 372 10849 154 2991 475 1370 711 6612
P099 461 800 4411 171 9068 235 1505 534 10011
