P000 292 2725 586 10201 174 2360 367 11727 266 3614 632 4672 105
P001 568 1350 109 802 721 6064 255 11748 760 11925 929
P002 900 4782 195 2987 709 12061 717 2688 560
P003 79 2933 275 6172 40 1428 39 5072 689 9015 273 3881 451 2009 454
P004 856 296 235 6266 770 5528 945 11152 947 7983 320 11583 159 9871 492 1691 49 4448 105
P005 624 10248 489 12420 643 12557 516 3921 811
P006 281 5455 408 12631 991 6919 238 6436 732
P007 474 11527 946 4663 202 4473 571 11232 644 11566 840
P008 477 535 609 5233 253 3454 979 8894 803 4264 603 2384 759
P009 158 8489 562 11940 908 8381 945 10146 42
P010 328 8261 562 9227 251 3697 719 8438 121 11197 850 7585 796 5715 25 4603 980 5340 232 5134 769
P011 386 8485 915 7393 551 8705 506 8164 235 1899 837 4805 18 3295 418 3765 699
P012 288 9947 844 2434 868 954 591
P013 545 3641 11 1792 229 2451 26 10998 664 3676 259 1400 35
P014 925 459 371 11446 302 4031 192 1628 641 5170 871
P015 860 530 113 2967 536 3093 420 3366 481 6615 809 8905 497
P016 433 9881 815 9037 244 7292 580
P017 148 8394 826 2406 995 6085 674 8984 708
P018 274 4556 378 11687 803 8973 996 8878 794 1625 462 7231 418 7262 660
P019 773 10929 67 4469 528 2303 708 5033 19 10571 247 4525 138
P020 242 9885 330 12625 97 1989 949 12231 921 807 693
P021 278 9947 1000 6989 928 7608 364 2758 181 1247 866 5191 858
P022 749 8536 225 6973 266 5923 500 4785 836 1198 737
P023 618 2494 966 9572 81 9601 2 3557 579 5875 534 1603 78
P024 804 4467 322 7903 917 8634 626 5431 302 7618 902 7211 735 2242 39 9406 593 7337 698
P025 601 12554 244 3895 749 1249 877 9962 485
P026 355 2728 106 1255 157 2027 136 11384 450 5551 907 1442 121 10900 527
P027 152 10094 721 3672 874 1553 371 11270 787 8911 445 9430 759 10353 424 9293 434
P028 409 11646 115 3145 929 9351 581 908 534 7979 615 11387 179 5331 785 1592 678
P029 1000 4764 217 2269 294 1455 621 7871 767 4160 912
P030 32 10570 168 5445 186 958 495 9424 519 6113 869
P031 810 887 462 3138 340 5812 378 9212 324
P032 674 6104 103 6545 334 9981 179 11850 937 2625 162 5140 626
P033 930 6580 610 8618 281 7668 909 12895 10 7342 703 7828 803 2524 687 6745 6
P034 66 1026 818 1450 574 2823 493 3374 589 5207 695 12574 201
P035 780 12451 302 7984 759 8178 541 4067 479 12744 611 4018 519 7966 873
P036 833 7005 405 2716 212 6928 187 657 823 2919 846 1314 66
P037 752 9233 510 8997 257 4354 831 10528 394 4862 87 5326 599 965 553
P038 823 3311 976 4421 842 4858 792 4745 966 8082 147
P039 823 3729 78 6549 858 3572 495 11902 115 7178 362
P040 486 11481 964 8849 466 10556 353
P041 606 1424 384 10180 612 334 419 11756 310 3185 241 4654 135 12960 963 12539 804 2192 905
P042 628 12012 553 11546 701 8309 719 2265 986 4383 845 2955 331
P043 390 1723 565 10747 762 7018 970 12014 316 10652 705 2401 348 9623 773 3485 723
P044 945 1306 277 4785 517 3681 238 11521 665 7587 482 5476 976
P045 453 528 732 9601 487 3751 277 8898 538 1330 372 7767 363 507 901 6370 250 9691 845
P046 124 2899 911 10468 143 1088 837 11162 576 2112 7 3995 390 4327 576 1938 987
P047 512 7797 34 2900 147 6213 652 5782 540 10103 956 6700 867 1746 921 5082 556
P048 530 13014 876 985 283 9426 605 7033 899 277 675
P049 612 12911 809 4103 873 2997 243 7764 995 1435 630
P050 568 5508 913 6329 475 5623 581 2190 778 11235 413
P051 513 9290 238 8282 759 8598 976 9138 227 2323 48 8708 938 10047 340
P052 289 3774 305 6513 60 12570 749 6223 361 8822 922 10241 808 8327 258 4508 860
P053 174 6265 978 8567 255 987 787 1714 532 9679 233 3219 288
P054 709 751 5 3401 459 10869 876 2373 90 9926 139 3110 367 12528 941 5924 416 1642 297
P055 146 3881 189 2960 16 3273 475 6605 378 10667 875 4743 594 6729 406 2884 447
P056 97 1714 343 6136 762 5889 808 11221 377 1433 722 5789 922
P057 163 544 165 2958 602 2979 162 12874 415
P058 875 11960 101 12479 144 9746 762 7364 44 9801 151 8219 476 3396 800 7372 997
P059 611 7733 718 2235 519 4286 43 2890 981
P060 659 7969 710 12537 406 5260 563 10851 980 3366 872 4456 512 799 474 1699 289
P061 344 12214 130 5776 176 1685 137 2435 317 8840 184 3019 42
P062 702 2040 720 5687 116 4582 876 12594 8 12293 915
P063 391 1255 777 2538 594 4868 883 6679 466 10012 642 2284 634 10015 229
P064 591 2379 465 6466 614 8861 871 6441 627 2292 501
P065 314 7070 775 12241 627 5681 154 4965 443 12721 855 6747 511
P066 206 10636 242 9723 511 11917 501 9565 623 9937 248 7145 161
P067 55 5423 139 10735 431 5620 896 11198 489 6509 335 3451 847 1479 550 5953 967 3866 89
P068 641 5900 553 10465 252 11425 710 9513 261
P069 738 9619 952 4957 862 6594 988 2254 773 10534 95
P070 361 6111 508 7343 718 11497 355 1817 989 3538 745 12601 314 3315 112 1309 577
P071 203 8406 940 549 683 1246 602 11089 143 10784 582 7986 841 1740 969
P072 630 7644 461 6559 516 1841 847 10310 857 1433 581 6701 736 708 117
P073 396 1936 141 10109 521 211 329 8244 750
P074 754 1107 266 1681 41 1445 795 6508 93 998 210 1450 681 1616 931
P075 414 1132 691 7571 999 7037 83
P076 82 11316 603 2401 217 11041 370 5290 452
P077 609 782 215 11175 654 2757 224 11962 562 777 791 2392 450
P078 984 1187 206 6464 934 2511 268 9170 804 12751 84 3920 731 2253 864 4991 338 12018 26
P079 115 10959 487 2214 320 11795 316 10807 294
P080 471 7109 753 12259 638 1066 245 9683 282 8379 422 9512 176 582 68 4689 367 9981 770
P081 239 5894 223 9350 784 2195 844 2553 994 2456 472 10613 817 12759 8 5565 324 9636 863 2341 546
P082 680 677 486 9593 884 7098 317 7505 377
P083 378 8396 24 4173 468 7548 636 2821 531
P084 83 10995 60 3177 418 10293 608
P085 518 4267 446 3328 369 9337 480 2096 111
P086 10 9179 139 10105 556 3453 612 10563 844 4666 127
P087 877 8993 35 12848 88 5844 38 7786 918
P088 913 1923 914 7585 948 10906 703 7397 732
P089 273 8780 108 12780 302 3039 420 8546 317 1930 238
P090 466 11138 576 8111 346 8064 805
P091 708 5262 712 2394 199 5715 155 10103 795
P092 346 10889 879 5723 809 3210 319 4061 919 11919 777 3457 779 8653 933 9065 840 5994 750
P093 682 11079 518 8614 722 4757 774 1640 689 426 348
P094 829 1252 758 8685 391 8374 840 5508 527 7107 312 6845 321
P095 19 12194 754 8823 995 6857 456 2990 993 9269 492
P096 662 8272 354 8297 105 5166 31 392 539
P097 4 9176 993 946 128 3511 221 10651 646
P098 330 4826 64 11644 548 4131 676 11511 434 12332 478 12364 955
P099 423 8219 328 7101 87 11186 79 6767 255 9980 410
